PARTICLES  3
 MASSES  0.3670482965200000E+04  0.1836152672610000E+04  0.1000000000000000E+01
 CHARGES  0.1000000000000000E+01  0.1000000000000000E+01 -0.1000000000000000E+01
 SYMMETRY (P11)
 BASIS_SIZE   3
 CURRENT_ENERGY   -4.242975843640621E-01
 WHICH_EIGENVALUE      1
 EIGVAL_TOLERANCE  0.1000000000000000E-11
 INVITPARAMETER    0.1000000010000000E+01
 LAST_EIGVAL_TOL   0.1200000000000000E+00
 BEST_EIGVAL_TOL   0.1100000000000000E+00
 WORST_EIGVAL_TOL  0.1400000000000000E-19
 GENERATOR_PARAM  0.1100000000000000E+00  0.1000000000000000E+01  0.3000000000000000E+01
 ==============================
   3    -4.242975843640621E-01    0    0       0
 ==============================
 BASIS_ENL G      3      4      1      1        500     0.9900000000000000E+00  0.5000000000000000E+02 1013
 BASIS_ENL G      4      5      1      1        500     0.9900000000000000E+00  0.5000000000000000E+02 1013
 BASIS_ENL G      5      6      1      1        500     0.9900000000000000E+00  0.5000000000000000E+02 1013
 BASIS_ENL G      6      7      1      1        500     0.9900000000000000E+00  0.5000000000000000E+02 1013
 BASIS_ENL G      7      8      1      1        500     0.9900000000000000E+00  0.5000000000000000E+02 1013
 BASIS_ENL G      8      9      1      1        500     0.9900000000000000E+00  0.5000000000000000E+02 1013
 BASIS_ENL G      9     10      1      1        500     0.9900000000000000E+00  0.5000000000000000E+02 1013
 OPT_CYCLE G     10      1     10      1        1       6   400  0.9800000000000000E+00  0.3000000000000000E+01
 ==============================
 1 -1.1459975668606144E-01 1 1 1
 2 -2.6564020176253711E-01 1 5 1000
 3 -4.2429758436406212E-01 100 1 400
 ==============================
1 -7.9218116619585521E-01 3.3029986414976828E-02 2.0171019002843722E+00 -7.9750724246307458E-01 -2.2075789089511261E-02 1.5467713471974370E-01
2 6.4934326317793125E-05 -3.1215317274063072E-08 5.3177818471349436E-01 2.8643802105217809E-14 -1.2225230678339280E-12 2.5009110337453140E-08
3 -5.0531278540512474E+00 4.9832275068188574E+00 6.2794604503106877E-01 1.2790987944094009E-01 6.3045432110747524E-01 -6.4198157150304702E-01