1 -7.9218116619585521E-01 3.3029986414976828E-02 2.0171019002843722E+00 -7.9750724246307458E-01 -2.2075789089511261E-02 1.5467713471974370E-01
2 6.4934326317793125E-05 -3.1215317274063072E-08 5.3177818471349436E-01 2.8643802105217809E-14 -1.2225230678339280E-12 2.5009110337453140E-08
3 -5.0531278540512474E+00 4.9832275068188574E+00 6.2794604503106877E-01 1.2790987944094009E-01 6.3045432110747524E-01 -6.4198157150304702E-01
4 -1.5276650599693373E-01 2.0246618034166644E-01 6.9488568262475381E-01 5.8926548412453535E-03 -9.1454788148091683E-03 -5.3755798799373561E-02
5 1.6947749452833172E-01 4.0504268346761574E-03 4.5997841788725857E-01 3.8714157929167305E-02 3.2189974680396881E-02 -8.5966408772122811E-03
6 6.0351521816419718E-01 -2.9714104758804816E-01 4.4297913644927561E-01 -1.4145539715834304E-01 -1.0165772148692015E-01 5.5185800891632081E-02
7 7.2983168471658222E-01 -2.1627494092276894E-01 4.1273980343750988E-01 -1.5657698055882963E-02 -5.0863868258925332E-02 4.1181927015617362E-02
8 3.2999372107336983E-01 -3.5246632756518272E-02 6.2384644401337885E-01 -1.0727166288545201E-01 -9.0471656003367262E-02 -9.6071780933561623E-03
9 5.9445096086986060E-01 -3.2668851132551091E-01 6.1221187901634710E-01 2.3044008225968451E-01 3.8244002970656138E-02 -5.5142608241409034E-02
10 -4.0577260623658928E-01 4.6274624853592065E-02 1.6306562355855494E+00 -3.2490217141263267E-01 -1.1518896268403428E-01 7.2427645831115189E-02
