 PARTICLES 5
 MASSES 1.64242055E+04 1.0000000000000000E+00 1.0000000000000000E+00 1.0000000000000000E+00 1.0000000000000000E+00
 CHARGES 4.0000000000000000E+00 -1.0000000000000000E+00 -1.0000000000000000E+00 -1.0000000000000000E+00 -1.0000000000000000E+00
 SYMMETRY (1-P24)(1-P35)(1+P23)(1+P45)
 BASIS_SIZE 0
 CURRENT_ENERGY 0.9434936015600945E+1
 WHICH_EIGENVALUE 1
 EIGVAL_TOLERANCE 1.0001000000000000E-11
 INVITPARAMETER 1.1000000000000001E+00
 LAST_EIGVAL_TOL 1.0001000000000000E-11
 BEST_EIGVAL_TOL 1.0001000000000000E-11
 WORST_EIGVAL_TOL 1.0001000000000000E-11
 GENERATOR_PARAM 6.9999999999999996E-01 1.1000000000000000E+01 3.2500000000000000E+01
 ==============================
 ==============================
 BASIS_ENL G      4      5      1      1     2000     0.9900000000000000E+00  0.2500000000000000E+02 1013
 OPT_CYCLE G      5      1      5      1        1     2  400  0.9800000000000000E+00  0.3000000000000000E+01
 BASIS_ENL G      5      6      1      1     2000     0.9900000000000000E+00  0.2500000000000000E+02 1013
 BASIS_ENL G      6      7      1      1     2000     0.9900000000000000E+00  0.2500000000000000E+02 1013
 BASIS_ENL G      7      8      1      1     2000     0.9900000000000000E+00  0.2500000000000000E+02 1013
 BASIS_ENL G      8      9      1      1     2000     0.9900000000000000E+00  0.2500000000000000E+02 1013
 BASIS_ENL G      9     10      1      1     2000     0.9900000000000000E+00  0.2500000000000000E+02 1013
 OPT_CYCLE G     10      1     10      1        1     1  400  0.9800000000000000E+00  0.3000000000000000E+01
 BASIS_ENL G     10     11      1      1     2000     0.9900000000000000E+00  0.2500000000000000E+02 4444
 BASIS_ENL G     11     12      1      1     2000     0.9900000000000000E+00  0.2500000000000000E+02 4444
 BASIS_ENL G     12     13      1      1     2000     0.9900000000000000E+00  0.2500000000000000E+02 4444
 BASIS_ENL G     13     14      1      1     2000     0.9900000000000000E+00  0.2500000000000000E+02 4444
 BASIS_ENL G     14     15      1      1     2000     0.9900000000000000E+00  0.2500000000000000E+02 4444
 OPT_CYCLE G     15      1     15      1        1     1  400  0.9800000000000000E+00  0.3000000000000000E+01
 BASIS_ENL G     15     16      1      1     2000     0.9900000000000000E+00  0.2500000000000000E+02 4444
 BASIS_ENL G     16     17      1      1     2000     0.9900000000000000E+00  0.2500000000000000E+02 4444
 BASIS_ENL G     17     18      1      1     2000     0.9900000000000000E+00  0.2500000000000000E+02 1234
 BASIS_ENL G     18     19      1      1     2000     0.9900000000000000E+00  0.2500000000000000E+02 1234
 BASIS_ENL G     19     20      1      1     2000     0.9900000000000000E+00  0.2500000000000000E+02 1234
 OPT_CYCLE G     20      1     20      1        1     1  400  0.9800000000000000E+00  0.3000000000000000E+01
 BASIS_ENL G     20     21      1      1     2000     0.9900000000000000E+00  0.2500000000000000E+02 4444
 BASIS_ENL G     21     22      1      1     2000     0.9900000000000000E+00  0.2500000000000000E+02 4444
 BASIS_ENL G     22     23      1      1     2000     0.9900000000000000E+00  0.2500000000000000E+02 4444
 BASIS_ENL G     23     24      1      1     2000     0.9900000000000000E+00  0.2500000000000000E+02 4444
 BASIS_ENL G     24     25      1      1     2000     0.9900000000000000E+00  0.2500000000000000E+02 4444
 OPT_CYCLE G     25      1     15      1        1     1  400  0.9800000000000000E+00  0.3000000000000000E+01
 BASIS_ENL G     25     26      1      1     2000     0.9900000000000000E+00  0.2500000000000000E+02 4444
 BASIS_ENL G     26     27      1      1     2000     0.9900000000000000E+00  0.2500000000000000E+02 4444
 BASIS_ENL G     27     28      1      1     2000     0.9900000000000000E+00  0.2500000000000000E+02 1234
 BASIS_ENL G     28     29      1      1     2000     0.9900000000000000E+00  0.2500000000000000E+02 1234
 BASIS_ENL G     29     30      1      1     2000     0.9900000000000000E+00  0.2500000000000000E+02 1234
 OPT_CYCLE G     30      1     30      1        1     1  400  0.9800000000000000E+00  0.3000000000000000E+01
 BASIS_ENL G     30     31      1      1     2000     0.9900000000000000E+00  0.2500000000000000E+02 4444
 BASIS_ENL G     31     32      1      1     2000     0.9900000000000000E+00  0.2500000000000000E+02 4444
 BASIS_ENL G     32     33      1      1     2000     0.9900000000000000E+00  0.2500000000000000E+02 4444
 BASIS_ENL G     33     34      1      1     2000     0.9900000000000000E+00  0.2500000000000000E+02 4444
 BASIS_ENL G     34     35      1      1     2000     0.9900000000000000E+00  0.2500000000000000E+02 4444
 OPT_CYCLE G     35      1     15      1        1     1  400  0.9800000000000000E+00  0.3000000000000000E+01
 BASIS_ENL G     35     36      1      1     2000     0.9900000000000000E+00  0.2500000000000000E+02 4444
 BASIS_ENL G     36     37      1      1     2000     0.9900000000000000E+00  0.2500000000000000E+02 4444
 BASIS_ENL G     37     38      1      1     2000     0.9900000000000000E+00  0.2500000000000000E+02 1234
 BASIS_ENL G     38     39      1      1     2000     0.9900000000000000E+00  0.2500000000000000E+02 1234
 BASIS_ENL G     39     40      1      1     2000     0.9900000000000000E+00  0.2500000000000000E+02 1234
 OPT_CYCLE G     40      1     40      1        1     1  400  0.9800000000000000E+00  0.3000000000000000E+01
 BASIS_ENL G     40     41      1      1     2000     0.9900000000000000E+00  0.2500000000000000E+02 4444
 BASIS_ENL G     41     42      1      1     2000     0.9900000000000000E+00  0.2500000000000000E+02 4444
 BASIS_ENL G     42     43      1      1     2000     0.9900000000000000E+00  0.2500000000000000E+02 4444
 BASIS_ENL G     43     44      1      1     2000     0.9900000000000000E+00  0.2500000000000000E+02 4444
 BASIS_ENL G     44     45      1      1     2000     0.9900000000000000E+00  0.2500000000000000E+02 4444
 OPT_CYCLE G     45      1     45      1        1     1  400  0.9800000000000000E+00  0.3000000000000000E+01
 BASIS_ENL G     45     46      1      1     2000     0.9900000000000000E+00  0.2500000000000000E+02 4444
 BASIS_ENL G     46     47      1      1     2000     0.9900000000000000E+00  0.2500000000000000E+02 4444
 BASIS_ENL G     47     48      1      1     2000     0.9900000000000000E+00  0.2500000000000000E+02 1234
 BASIS_ENL G     48     49      1      1     2000     0.9900000000000000E+00  0.2500000000000000E+02 1234
 BASIS_ENL G     49     50      1      1     2000     0.9900000000000000E+00  0.2500000000000000E+02 1234
 OPT_CYCLE G     50      1     50      1        1     1  400  0.9800000000000000E+00  0.3000000000000000E+01
 ==============================
 ==============================