 PARTICLES      3
 MASSES  0.7294299536250000E+04  0.1000000000000000E+01  0.1000000000000000E+01
 CHARGES  0.2000000000000000E+01 -0.1000000000000000E+01 -0.1000000000000000E+01
 SYMMETRY (1+P23)
 BASIS_SIZE     0
 CURRENT_ENERGY -0.28158456472074054E+01
 WHICH_EIGENVALUE      1
 EIGVAL_TOLERANCE  0.1000100000000000E-10
 INVITPARAMETER    0.1100000000000000E+01
 LAST_EIGVAL_TOL  0.4265440993187122E-13
 BEST_EIGVAL_TOL  0.1000000000000000E+01
 WORST_EIGVAL_TOL  0.9999187986655225E-11
 GENERATOR_PARAM  0.7000000000000000E+00  0.1100000000000000E+02  0.3250000000000000E+02
 ==============================
     3 -0.28158456472074054E+01     10      0      0
 ==============================
 OPT_CYCLE G      4      1      4      1        1     4  400  0.9800000000000000E+00  0.3000000000000000E+01
 BASIS_ENL G      4      5      1      1     1000     0.9900000000000000E+00  0.2500000000000000E+02 1013
 BASIS_ENL G      5      6      1      1     1000     0.9900000000000000E+00  0.2500000000000000E+02 1013
 BASIS_ENL G      6      7      1      1     1000     0.9900000000000000E+00  0.2500000000000000E+02 1013
 BASIS_ENL G      7      8      1      1     1000     0.9900000000000000E+00  0.2500000000000000E+02 1013
 BASIS_ENL G      8      9      1      1     1000     0.9900000000000000E+00  0.2500000000000000E+02 1013
 BASIS_ENL G      9     10      1      1     1000     0.9900000000000000E+00  0.2500000000000000E+02 1013
 OPT_CYCLE G      1      1     10      1        1     1  400  0.9800000000000000E+00  0.3000000000000000E+01
 BASIS_ENL G     10     11      1      1     1000     0.9900000000000000E+00  0.2500000000000000E+02 4444
 BASIS_ENL G     11     12      1      1     1000     0.9900000000000000E+00  0.2500000000000000E+02 4444
 BASIS_ENL G     12     13      1      1     1000     0.9900000000000000E+00  0.2500000000000000E+02 4444
 BASIS_ENL G     13     14      1      1     1000     0.9900000000000000E+00  0.2500000000000000E+02 4444
 BASIS_ENL G     14     15      1      1     1000     0.9900000000000000E+00  0.2500000000000000E+02 4444
 BASIS_ENL G     15     16      1      1     1000     0.9900000000000000E+00  0.2500000000000000E+02 4444
 BASIS_ENL G     16     17      1      1     1000     0.9900000000000000E+00  0.2500000000000000E+02 4444
 BASIS_ENL G     17     18      1      1     1000     0.9900000000000000E+00  0.2500000000000000E+02 4444
 BASIS_ENL G     18     19      1      1     1000     0.9900000000000000E+00  0.2500000000000000E+02 4444
 BASIS_ENL G     19     20      1      1     1000     0.9900000000000000E+00  0.2500000000000000E+02 4444
 OPT_CYCLE G     20      1     20      1        1     1  400  0.9800000000000000E+00  0.3000000000000000E+01
 BASIS_ENL G     20     21      1      1     1000     0.9900000000000000E+00  0.2500000000000000E+02 4444
 BASIS_ENL G     21     22      1      1     1000     0.9900000000000000E+00  0.2500000000000000E+02 0
 BASIS_ENL G     22     23      1      1     1000     0.9900000000000000E+00  0.2500000000000000E+02 0
 BASIS_ENL G     23     24      1      1     1000     0.9900000000000000E+00  0.2500000000000000E+02 0
 BASIS_ENL G     24     25      1      1     1000     0.9900000000000000E+00  0.2500000000000000E+02 0
 BASIS_ENL G     25     26      1      1     1000     0.9900000000000000E+00  0.2500000000000000E+02 0
 BASIS_ENL G     26     27      1      1     1000     0.9900000000000000E+00  0.2500000000000000E+02 0
 BASIS_ENL G     27     28      1      1     1000     0.9900000000000000E+00  0.2500000000000000E+02 0
 BASIS_ENL G     28     29      1      1     1000     0.9900000000000000E+00  0.2500000000000000E+02 0
 BASIS_ENL G     29     30      1      1     1000     0.9900000000000000E+00  0.2500000000000000E+02 0
 OPT_CYCLE G     30      1     30      1        1     1  400  0.9800000000000000E+00  0.3000000000000000E+01
 ==============================
 1 -0.28158456472074054E+01 0 0 0
 2 -0.28158456472074054E+01 0 0 0
 3 -0.28158456472074054E+01 0 0 0
 ==============================
1   1.9077124545664570E-002 -0.47913195835671840       -5.5785637159585955E-002 -0.58042942808885722       0.87667522145319721      -0.11345654900702073     
2  0.59076268663188192        8.8887597381003408E-002   1.0825340435586124        2.4189322456893905E-009   6.5445337250460356E-008   9.5964822372004090E-007
3   2.6581744015046742        3.8007890226579875E-002  0.82427066449341546        5.7141829411149874E-006   5.8057783288578910E-007  -2.8143685298934311E-006