1 5.7895780351666348E-01 8.6189748661638171E-02 -9.8749540965974392E-01 -4.4306014496709255E-02 -1.0350766093787446E-02 -2.5756970302080340E-01
2 5.2747765562143178E-01 -1.6540865603682525E-01 -4.1982841689013739E+00 -5.8867291422336982E-03 -2.6412206268371555E-02 -1.9767097483651455E+00
3 -7.0959491343979730E-01 -3.8503091234398025E-02 -2.0416888023373199E+00 -1.5238827142606718E-02 -9.1244148973514995E-03 -9.7597598748408801E-02
4 4.5381981389483578E-01 4.7697004006997779E-02 -7.5810145699620601E-01 -6.5385226216212899E-02 -1.6631477244205460E-02 -1.7719534916591839E-01
5 -3.2587739806210694E+00 -1.0517571753496767E-01 -1.3657088127921146E+00 9.7058517245924580E-01 1.5613620322223909E-01 -1.5154546742631061E-01
6 -2.7589009733524414E+00 1.9961334833048123E+00 1.0420825695730831E+00 -2.9196884917514692E+00 2.0759975787140053E+00 -1.0366352163425603E+00
7 1.3064734495153905E+00 7.9443133335250138E-01 -7.5617183732536750E+00 -1.2316619770166484E-01 -1.6429949138534061E+00 -6.4251848598764816E-01
8 -1.3105171427737032E+00 -1.8493284088291781E-01 -1.1246872624152486E+00 1.4833013078885551E+00 1.8815613122316824E-01 -1.5169615163634775E-01
9 1.5790357105432096E+00 2.6056117319643923E-01 1.0646865264048961E+00 2.2359943641586546E+00 -3.9095153138918781E-01 -1.2164290024779092E+00
10 3.5212249044779631E-01 -5.9874569302174954E-02 -1.7586811615196891E+00 -6.7919844596778071E-03 6.4059207177160543E-02 -1.6351768703018068E+00
11 -1.3042296963619575E+00 2.7609781389915842E+00 -8.8892254999186271E+00 3.4614541893987005E-01 -2.2038285190487148E+00 -3.8773492278138005E-01
12 5.6464422099674527E-01 7.2592638235897500E+00 -8.3501081459202915E+00 4.6318827099494198E-02 2.3388372570043145E-01 -3.2514258272450243E+00
13 1.0618694239433508E+00 2.3185290879526776E-01 1.4210895290053727E+00 1.3958645809005932E-01 -1.1811578136879561E-01 -1.3663671809072535E+00
14 8.5782980310525714E-01 -3.7873809149036430E-01 -1.0604449497729950E+01 1.7685836801697474E-01 -2.5497272503416140E+00 -1.5168178922606130E+00
15 -4.0994357691907091E-01 -9.7684041557351464E-01 -1.0273807576065757E+01 3.4184184881150659E-02 -3.2036524904781825E+00 -4.7334362688214373E+00
16 -6.1219825725640742E-01 1.2483134999526575E+00 -1.1547303460392920E+01 -3.8646224271636593E-03 6.8142570674100444E-01 -3.5647163499332897E+00
17 1.5431600539187820E+00 -1.1258398309150608E+00 1.4635775825396322E+00 -1.0347918576084936E+00 3.9552934285644015E-01 4.6370193486379857E-03
18 6.9764010347161531E-01 8.7792720921323042E-01 1.9072560316230751E+00 -6.9725927413398725E-01 -4.4327021034831621E-01 -2.9625533749607985E-01
19 -1.6468371783688096E+00 -5.0832041111197057E-01 -1.9691864129816499E+00 -8.5099128079190234E-01 1.5754614117047414E-01 2.1664081521427123E+00
20 -1.5391625959606738E+00 -1.0721976736568539E+00 6.9855815632220364E-01 -1.0269638009246120E+00 3.9191511653800587E-01 8.3370851926174971E-01
21 -5.1789109775929854E+00 4.0199688345074636E+00 2.4945183577127201E+00 -2.0685850969127708E+00 2.5343863462054186E+00 -2.1740984465324700E+00
22 3.6348577841393892E+00 -4.4939895728865609E-01 -4.9152240336599542E+00 -3.5958696105402801E+00 -1.7718568075391161E+00 -3.8510567417875592E+00
23 -8.6273882164200022E-01 7.9397945944413473E-01 -3.7316961493465217E+00 1.2809853427537057E+00 6.4543259732327429E-01 2.7907095986770347E+00
24 1.6633140981869208E+00 -1.2490641497997694E+00 7.1886135803459317E-01 -1.8203075221744756E+00 1.6791093573974156E+00 -1.7517017765219869E+00
25 -2.0358352885023359E+00 2.1263235712786677E+00 -9.0569264425794926E-01 -5.8911451755980337E-01 1.1252931197254328E+00 -9.4029703175245638E-01
26 -6.2032203450227286E-01 2.1145859655676569E-01 -3.9330388255599789E+00 1.7638524261345465E-01 4.5375536148409340E-01 1.3303501263974704E+00
27 9.8895336655428090E-01 -1.0028288356296462E+00 -6.1128931588250470E+00 -8.1892345223395457E-01 -9.1656113800943295E-01 -2.3273233327497125E+00
28 1.9550423734456175E+00 3.6036691177540314E-01 -1.1691026448600633E+01 9.7323949138710697E-01 -5.0783035972545862E+00 7.8446812093761020E-01
29 1.7438608378589411E+00 1.6006840343091384E+00 -1.3431068780088564E+01 7.4715389518405184E-01 -4.7537655402383407E+00 8.0476187605524074E-01
30 -1.5017135949310800E+00 -9.4186024550126501E-01 -1.0290669594141130E+01 -3.0638044388193286E-02 -3.8962141770323151E+00 3.3372119482973481E+00
