 PARTICLES      3
 MASSES  0.7294299536500000E+04  0.1000000000000000E+01  0.1000000000000000E+01
 CHARGES  0.2000000000000000E+01 -0.1000000000000000E+01 -0.1000000000000000E+01
 SYMMETRY (1+P23)
 BASIS_SIZE     0
 CURRENT_ENERGY -0.2903298024760252E+01
 WHICH_EIGENVALUE      1
 EIGVAL_TOLERANCE  0.1000100000000000E-10
 INVITPARAMETER    0.1100000000000000E+01
 LAST_EIGVAL_TOL  0.4265440993187122E-13
 BEST_EIGVAL_TOL  0.1000000000000000E+01
 WORST_EIGVAL_TOL  0.9999187986655225E-11
 GENERATOR_PARAM  0.7000000000000000E+00  0.1100000000000000E+02  0.3500000000000000E+02
 ==============================
     4 -0.2903298024760252E+01     10      0      0
 ==============================
 OPT_CYCLE G      4      1       4      1      1       4   100  0.9800000000000000D+00  0.3000000000000000E+01
 BASIS_ENL G      4      5       1      1     3000     0.9900000000000000E+00  0.2500000000000000E+02 1013
 BASIS_ENL G      5      6       1      1     3000     0.9900000000000000E+00  0.2500000000000000E+02 1013
 BASIS_ENL G      6      7       1      1     3000     0.9900000000000000E+00  0.2500000000000000E+02 1013
 BASIS_ENL G      7      8       1      1     3000     0.9900000000000000E+00  0.2500000000000000E+02 1013
 BASIS_ENL G      8      9       1      1     3000     0.9900000000000000E+00  0.2500000000000000E+02 1013
 BASIS_ENL G      9     10       1      1     3000     0.9900000000000000E+00  0.2500000000000000E+02 1013
 OPT_CYCLE G     10      1      10      1      1       2   100  0.9800000000000000D+00  0.3000000000000000E+01
 BASIS_ENL G     10     11       1      1     3000     0.9900000000000000E+00  0.2500000000000000E+02 4444
 BASIS_ENL G     11     12       1      1     3000     0.9900000000000000E+00  0.2500000000000000E+02 4444
 BASIS_ENL G     12     13       1      1     3000     0.9900000000000000E+00  0.2500000000000000E+02 4444
 BASIS_ENL G     13     14       1      1     3000     0.9900000000000000E+00  0.2500000000000000E+02 4444
 BASIS_ENL G     14     15       1      1     3000     0.9900000000000000E+00  0.2500000000000000E+02 4444
 BASIS_ENL G     15     16       1      1     3000     0.9900000000000000E+00  0.2500000000000000E+02 4444
 BASIS_ENL G     16     17       1      1     3000     0.9900000000000000E+00  0.2500000000000000E+02 4444
 BASIS_ENL G     17     18       1      1     3000     0.9900000000000000E+00  0.2500000000000000E+02 4444
 BASIS_ENL G     18     19       1      1     3000     0.9900000000000000E+00  0.2500000000000000E+02 4444
 BASIS_ENL G     19     20       1      1     3000     0.9900000000000000E+00  0.2500000000000000E+02 4444
 OPT_CYCLE G     20      1      20      1      1       1   100  0.9800000000000000D+00  0.3000000000000000E+01
 BASIS_ENL G     20     25       1      1     500     0.9900000000000000E+00  0.2500000000000000E+02 4444
 OPT_CYCLE G     25      1      25      1      1       1   100  0.9800000000000000D+00  0.3000000000000000E+01
 BASIS_ENL G     25     30       1      1     500     0.9900000000000000E+00  0.2500000000000000E+02 4444
 OPT_CYCLE G     30      1      30      1      1       1   100  0.9800000000000000D+00  0.3000000000000000E+01
 ==============================
 ==============================
      1  0.7558518135645422E+00  0.2349137076069168E-01 -0.5135287374441673E+00
      2 -0.7184328472602896E+00 -0.6818806999839126E-01  0.1101040644410544E+01
      3  0.7269346507952998E+00  0.2012583387485324E-01 -0.2626067839102557E+01