1 4.7117974625356279E-01 4.4360021848814435E-02 -8.0296873177916617E-01
2 -2.3653510448501094E+00 -7.6680416232083645E-02 -1.1981786854457586E+00
3 -6.5031062748962931E-01 -5.9738456297267224E-03 -4.0856372196244450E+00
4 -5.7156555880911075E-01 -6.9548182401526895E-02 -1.5539398498268848E+00
5 -1.8770969613837971E+00 -2.5792612481408062E-01 -5.7325556326522609E+00
6 4.1902557504358812E-01 -7.7378513670414859E-02 2.3274087663728329E+00
7 -2.7221864525425130E+00 2.5521045851193405E+00 -1.8026856289560527E+00
8 6.7898295327382330E-01 3.4281645749648891E-02 -1.0901353410326342E+01
9 -8.6479121431946060E-01 -5.7608990149984690E-02 1.1687328107366697E+00
10 -1.2350726401365566E+00 8.1323393304764813E-01 1.0024706054197143E+00
11 3.5482767407059984E-01 8.2261399175414029E-01 -6.2184485995174255E+00
12 2.3758468264535959E-01 -1.8116893172414802E-01 1.4275223982441818E+00
13 -1.0770780408434975E+00 -2.8161601866420977E-01 -1.2265780642724923E+01
14 2.4082855921990420E+00 4.0437732201615131E-02 -6.6956507637786400E-01
15 -2.0259433336057286E+00 -4.3657349394806411E-01 -1.7736349900523365E+00
16 -1.1489170250297622E+00 4.4111506808083584E-01 -5.2659676875052499E+00
17 4.7064859064406850E-01 -1.7258440501608452E-01 -1.3332350417163036E+01
18 -3.6525275280908027E+00 -8.3090352538459644E-01 -3.4400031627552075E+00
19 7.0919615882928255E-01 -3.6182989102370522E-01 -8.0910460154337684E+00
20 5.8895625764434201E-01 9.4876869691008814E-01 1.5538333821400219E+00
