 PARTICLES  4
 MASSES  0.1278639330000000E+05  0.1000000000000000E+01  0.1000000000000000E+01  0.1000000000000000E+01
 CHARGES  0.3000000000000000E+01 -0.1000000000000000E+01 -0.1000000000000000E+01 -0.1000000000000000E+01
 SYMMETRY (1+P12)(1-P23)
 BASIS_SIZE    4
 CURRENT_ENERGY   -2.2786169915212429E+00
 WHICH_EIGENVALUE      1
 EIGVAL_TOLERANCE  0.1000000000000000E-12
 INVITPARAMETER    0.1100000000000000E+01
 LAST_EIGVAL_TOL   0.2958509900180943E-13
 BEST_EIGVAL_TOL   0.1000000000000000E+31
 WORST_EIGVAL_TOL  0.9999981012761960E-11
 GENERATOR_PARAM  0.7000000000000000E+00  0.1000000000000000E+01  0.3000000000000000E+01
 ==============================
    4 -2.2786169915212429E+00     2      0       0
 ==============================
 BASIS_ENL G   4      5      1      1     8000     0.9900000000000000E+00  0.2500000000000000E+02 1013
 BASIS_ENL G   5      6      1      1     2000     0.9900000000000000E+00  0.2500000000000000E+02 1013
 BASIS_ENL G   6      7      1      1      800     0.9900000000000000E+00  0.2500000000000000E+02 1013
 BASIS_ENL G   7      8      1      1      400     0.9900000000000000E+00  0.2500000000000000E+02 1013
 BASIS_ENL G   8      9      1      1      400     0.9900000000000000E+00  0.2500000000000000E+02 1013
 BASIS_ENL G   9     10      1      1      400     0.9900000000000000E+00  0.2500000000000000E+02 1013
 BASIS_ENL G  10     11      1      1      400     0.9900000000000000E+00  0.2500000000000000E+02 1013
 BASIS_ENL G  11     12      1      1      400     0.9900000000000000E+00  0.2500000000000000E+02 1013
 BASIS_ENL G  12     13      1      1      400     0.9900000000000000E+00  0.2500000000000000E+02 1013
 BASIS_ENL G  13     14      1      1      400     0.9900000000000000E+00  0.2500000000000000E+02 1013
 BASIS_ENL G  14     15      1      1      400     0.9900000000000000E+00  0.2500000000000000E+02 1013
 ==============================
 ==============================
1 -4.1879700673841569E-01 -3.6321731695678677E-01 2.1509784714774061E-01 -2.6530159952244226E-01 2.6492852752800600E-01 -3.0197974033003550E-01 -3.3071366881014280E-01 1.6272778829812198E-01 2.9910389485022837E-01 -3.3962019713344255E-01 3.0250156038277898E-01 -2.6678767659490304E-01
2 3.4548586005861009E-01 1.5151311554644448E-01 1.2139553740499141E-01 2.4529361104166536E-01 5.8857321088331409E-02 -2.2819388894975279E-01 1.0384805425421684E-01 3.9398099278058146E-01 2.6520798709111054E-01 -5.9053355391275833E-02 -5.9988821922829227E-02 1.9641798816321759E-01
3 -3.2080927139926013E-01 1.3106849129562767E-01 4.4115572204139109E-01 -5.0707454687508413E-01 1.5588233323375031E-01 -2.1907038065001361E-01 -5.1205674859970962E-01 3.1286823107862638E-01 5.8336213093859901E-01 1.5390193887507153E-01 -1.5887974116966799E-01 -1.2378962936745991E-01
4 6.9604476351608557E-01 -3.1773397679969451E-03 1.8904998248752852E-01 4.7218428424471731E-01 1.5133535438023222E-02 -3.6545236582238227E-01 1.4067861814140400E-01 -2.9161785397318063E-02 1.4673650994330881E-01 8.6311577912925708E-02 1.1266111951318954E-01 -1.3759377628216538E-01