1 -4.1879700673841569E-01 -3.6321731695678677E-01 2.1509784714774061E-01 -2.6530159952244226E-01 2.6492852752800600E-01 -3.0197974033003550E-01 -3.3071366881014280E-01 1.6272778829812198E-01 2.9910389485022837E-01 -3.3962019713344255E-01 3.0250156038277898E-01 -2.6678767659490304E-01
2 3.4548586005861009E-01 1.5151311554644448E-01 1.2139553740499141E-01 2.4529361104166536E-01 5.8857321088331409E-02 -2.2819388894975279E-01 1.0384805425421684E-01 3.9398099278058146E-01 2.6520798709111054E-01 -5.9053355391275833E-02 -5.9988821922829227E-02 1.9641798816321759E-01
3 -3.2080927139926013E-01 1.3106849129562767E-01 4.4115572204139109E-01 -5.0707454687508413E-01 1.5588233323375031E-01 -2.1907038065001361E-01 -5.1205674859970962E-01 3.1286823107862638E-01 5.8336213093859901E-01 1.5390193887507153E-01 -1.5887974116966799E-01 -1.2378962936745991E-01
4 6.9604476351608557E-01 -3.1773397679969451E-03 1.8904998248752852E-01 4.7218428424471731E-01 1.5133535438023222E-02 -3.6545236582238227E-01 1.4067861814140400E-01 -2.9161785397318063E-02 1.4673650994330881E-01 8.6311577912925708E-02 1.1266111951318954E-01 -1.3759377628216538E-01
5 1.1915840881885511E+00 -3.8527429320450106E-02 -1.2155474469196211E-03 5.7867374404445004E-01 -2.8749258832182173E-01 -7.3005264433438821E-01 7.6097482839972891E-02 -6.3801333880248265E-02 2.5232262139268541E-01 1.0528589457123590E-01 2.2756533078570629E-01 7.4182583354660644E-02
6 1.2689305874122350E+00 6.2266951896969826E-02 -2.1305622186311459E-02 2.4808323197380250E-01 3.7231551870745783E-02 -9.0937756574343642E-01 -1.4997651272743995E-03 1.8311458576034900E-02 1.0749801767815118E-01 2.0114884933875829E-01 6.5739171148061756E-02 -2.4189824832829578E-02
7 1.3315764593942947E+00 -1.0099837556768042E-01 3.1605785097936473E-01 4.8927395355402903E-01 3.4436738337739048E-01 -8.1336888542575281E-01 3.5761236978814553E-01 2.9650330635194855E-01 4.1586851377828266E-01 2.4112866742905670E-01 -5.5435314360795775E-02 -1.1647917550563679E-02
8 1.5013129312236106E+00 4.2238973325252276E-02 5.9504673244740652E-02 4.6196171853169637E-01 9.7107080364153331E-02 -1.0249217199931564E+00 -5.6588845551173161E-02 4.6643338034001225E-02 1.2572940839076771E-01 1.3006520681961417E-01 -1.8893257785179018E-01 3.0232827302200893E-01
9 1.4116430073553030E+00 2.0902503206701045E-02 -2.8619786749526172E-01 4.3650259249005235E-01 -3.5838509366994681E-01 -9.4684854523930562E-01 -4.4084205531263676E-01 7.2133416670781061E-02 3.3672397758738654E-01 2.0885978159848152E-02 -1.1794256875495046E-01 -1.7677917944721183E-01
10 1.2704805455690609E+00 7.7211463755038803E-02 2.4804929676914053E-01 5.0721130375236201E-01 -2.5223399066787405E-01 -9.7815891127587717E-01 3.5569872855420017E-03 1.4169324009652132E-01 -5.0983946439122657E-02 -1.9440419699798928E-02 9.0667009508087926E-02 5.7064396624508018E-01
11 1.3287618870808362E+00 -1.1258953201532480E-02 -3.3371634325973543E-01 3.2960255297363655E-01 -2.8989964604547253E-01 -9.4610443606352512E-01 -3.5824482458010398E-02 -1.4647068398984339E-01 2.5825413035183165E-01 4.5565966695948035E-02 2.1993833165455903E-01 -4.0209770642004572E-01
12 1.1567926134684163E+00 -1.4641241144503203E-01 -3.1575872444003855E-01 6.2753809016352313E-01 -2.0114557643046213E-01 -6.7755711241560712E-01 -2.4275838730572544E-01 2.7414138651649334E-01 2.8325273550564661E-01 -4.4188185685456488E-02 -1.6397986235931405E-01 2.4670523219961318E-01
13 1.2269770988316635E+00 4.8880495550530270E-02 -1.3536216867574177E-01 4.7270226066658494E-01 -6.3785795049556870E-01 -9.0943829826548217E-01 -3.9272538904326465E-01 1.4817333832079713E-01 1.9535329372347426E-01 -9.8718523055682336E-02 1.0573710113295204E-01 3.7873375131245182E-02
14 1.5183774799705989E+00 5.3729013945397135E-02 -1.1365746368708494E-01 3.8733402660148403E-01 -5.6070900952807801E-01 -7.2744549313230855E-01 -6.1164010841354899E-01 2.8418281718233690E-01 6.0947865984018412E-01 9.7005432077201748E-02 -1.4719789260200697E-01 -6.6136786982812876E-02
15 8.8024537879202891E-01 -2.4444558558975210E-01 -1.3762331150196302E-01 9.3861413200189170E-01 -5.1196250369967655E-01 -8.5986873795741026E-01 -3.3768857461594765E-01 2.5684099525081550E-02 6.7815900643232696E-01 -3.4384014051759143E-01 -8.3149267870269827E-01 3.5948184969457603E-01
