 PARTICLES  5
 MASSES  0.3670482965200000D+04  0.3670482965200000D+04  0.3670482965200000D+04  0.1000000000000000D+01  0.1000000000000000D+01
 CHARGES  0.1000000000000000D+01  0.1000000000000000D+01  0.1000000000000000D+01 -0.1000000000000000D+01 -0.1000000000000000D+01
 SYMMETRY (1+P12)(1+P13+P23)(1+P45)
 BASIS_SIZE    3
 CURRENT_ENERGY   -0.4330508836728752D+00
 WHICH_EIGENVALUE      1
 EIGVAL_TOLERANCE  0.1000000000000000D-11
 INVITPARAMETER    0.1000001000000000D+01
 LAST_EIGVAL_TOL   0.1200000000000000D+00
 BEST_EIGVAL_TOL   0.1100000000000000D+00
 WORST_EIGVAL_TOL  0.1400000000000000D-19
 GENERATOR_PARAM  0.8500000000000000D+00  0.2000000000000000D+01  0.3000000000000000D+01
 ==============================
      1  -0.4330508836728752D+00      1      1     100
      2  -0.4330508836728752D+00      1      1     100
      3  -0.4330508836728752D+00      1      1     100
 ==============================
 BASIS_ENL G      3      5      1      1     2000      0.9900000000000000E+00  0.5000000000000000E+02 1013
 BASIS_ENL G      5      6      1      1     2000      0.9900000000000000E+00  0.5000000000000000E+02 1013
 BASIS_ENL G      6      7      1      1     2000      0.9900000000000000E+00  0.5000000000000000E+02 1013
 BASIS_ENL G      7      8      1      1     2000      0.9900000000000000E+00  0.5000000000000000E+02 1013
 BASIS_ENL G      8      9      1      1     2000      0.9900000000000000E+00  0.5000000000000000E+02 1013
 BASIS_ENL G      9     10      1      1     2000      0.9900000000000000E+00  0.5000000000000000E+02 1013
 OPT_CYCLE G     10      1     10      1        1      2  400  0.9800000000000000E+00  0.3000000000000000E+01
 BASIS_ENL G     10     11      1      1     2000      0.9900000000000000E+00  0.5000000000000000E+02 1013
 BASIS_ENL G     11     12      1      1     2000      0.9900000000000000E+00  0.5000000000000000E+02 1013
 BASIS_ENL G     12     13      1      1     2000      0.9900000000000000E+00  0.5000000000000000E+02 1013
 BASIS_ENL G     13     14      1      1     2000      0.9900000000000000E+00  0.5000000000000000E+02 1013
 BASIS_ENL G     14     15      1      1     2000      0.9900000000000000E+00  0.5000000000000000E+02 1013
 BASIS_ENL G     15     16      1      1     2000      0.9900000000000000E+00  0.5000000000000000E+02 1013
 BASIS_ENL G     16     17      1      1     2000      0.9900000000000000E+00  0.5000000000000000E+02 1013
 BASIS_ENL G     17     18      1      1     2000      0.9900000000000000E+00  0.5000000000000000E+02 1013
 BASIS_ENL G     18     19      1      1     2000      0.9900000000000000E+00  0.5000000000000000E+02 1013
 BASIS_ENL G     19     20      1      1     2000      0.9900000000000000E+00  0.5000000000000000E+02 1013
 OPT_CYCLE G     20      1     20      1        1      1  400  0.9800000000000000E+00  0.3000000000000000E+01
 BASIS_ENL G     20     21      1      1     1000      0.9900000000000000E+00  0.5000000000000000E+02 1013
 BASIS_ENL G     21     22      1      1     1000      0.9900000000000000E+00  0.5000000000000000E+02 1013
 BASIS_ENL G     22     23      1      1     1000      0.9900000000000000E+00  0.5000000000000000E+02 1013
 BASIS_ENL G     23     24      1      1     1000      0.9900000000000000E+00  0.5000000000000000E+02 1013
 BASIS_ENL G     24     25      1      1     1000      0.9900000000000000E+00  0.5000000000000000E+02 1013
 BASIS_ENL G     25     26      1      1     1000      0.9900000000000000E+00  0.5000000000000000E+02 1013
 BASIS_ENL G     26     27      1      1     1000      0.9900000000000000E+00  0.5000000000000000E+02 1013
 BASIS_ENL G     27     28      1      1     1000      0.9900000000000000E+00  0.5000000000000000E+02 1013
 BASIS_ENL G     28     29      1      1     1000      0.9900000000000000E+00  0.5000000000000000E+02 1013
 BASIS_ENL G     29     30      1      1     1000      0.9900000000000000E+00  0.5000000000000000E+02 1013
 OPT_CYCLE G     30      1     30      1        1      1  400  0.9800000000000000E+00  0.3000000000000000E+01
 BASIS_ENL G     30     31      1      1     1000      0.9900000000000000E+00  0.2500000000000000E+02 4444
 BASIS_ENL G     31     32      1      1     1000      0.9900000000000000E+00  0.2500000000000000E+02 4444
 BASIS_ENL G     32     33      1      1     1000      0.9900000000000000E+00  0.2500000000000000E+02 4444
 BASIS_ENL G     33     34      1      1     1000      0.9900000000000000E+00  0.2500000000000000E+02 4444
 BASIS_ENL G     34     35      1      1     1000      0.9900000000000000E+00  0.2500000000000000E+02 4444
 BASIS_ENL G     35     36      1      1     1000      0.9900000000000000E+00  0.2500000000000000E+02 4444
 BASIS_ENL G     36     37      1      1     1000      0.9900000000000000E+00  0.2500000000000000E+02 4444
 BASIS_ENL G     37     38      1      1     1000      0.9900000000000000E+00  0.2500000000000000E+02 4444
 BASIS_ENL G     38     39      1      1     1000      0.9900000000000000E+00  0.2500000000000000E+02 4444
 BASIS_ENL G     39     40      1      1     1000      0.9900000000000000E+00  0.2500000000000000E+02 4444
 OPT_CYCLE G     40      1     40      1        1      1  400  0.9800000000000000E+00  0.3000000000000000E+01
 BASIS_ENL G     40     41      1      1     1000      0.9900000000000000E+00  0.2500000000000000E+02 4444
 BASIS_ENL G     41     42      1      1     1000      0.9900000000000000E+00  0.2500000000000000E+02 4444
 BASIS_ENL G     42     43      1      1     1000      0.9900000000000000E+00  0.2500000000000000E+02 4444
 BASIS_ENL G     43     44      1      1     1000      0.9900000000000000E+00  0.2500000000000000E+02 4444
 BASIS_ENL G     44     45      1      1     1000      0.9900000000000000E+00  0.2500000000000000E+02 4444
 BASIS_ENL G     45     46      1      1     1000      0.9900000000000000E+00  0.2500000000000000E+02 4444
 BASIS_ENL G     46     47      1      1     1000      0.9900000000000000E+00  0.2500000000000000E+02 4444
 BASIS_ENL G     47     48      1      1     1000      0.9900000000000000E+00  0.2500000000000000E+02 4444
 BASIS_ENL G     48     49      1      1     1000      0.9900000000000000E+00  0.2500000000000000E+02 4444
 BASIS_ENL G     49     50      1      1     1000      0.9900000000000000E+00  0.2500000000000000E+02 4444
 OPT_CYCLE G     50      1     50      1        1      1  400  0.9800000000000000E+00  0.3000000000000000E+01
 BASIS_ENL G     50     51      1      1     1000      0.9900000000000000E+00  0.2500000000000000E+02 4444
 BASIS_ENL G     51     52      1      1     1000      0.9900000000000000E+00  0.2500000000000000E+02 4444
 BASIS_ENL G     52     53      1      1     1000      0.9900000000000000E+00  0.2500000000000000E+02 4444
 BASIS_ENL G     53     54      1      1     1000      0.9900000000000000E+00  0.2500000000000000E+02 4444
 BASIS_ENL G     54     55      1      1     1000      0.9900000000000000E+00  0.2500000000000000E+02 4444
 BASIS_ENL G     55     56      1      1     1000      0.9900000000000000E+00  0.2500000000000000E+02 4444
 BASIS_ENL G     56     57      1      1     1000      0.9900000000000000E+00  0.2500000000000000E+02 4444
 BASIS_ENL G     57     58      1      1     1000      0.9900000000000000E+00  0.2500000000000000E+02 4444
 BASIS_ENL G     58     59      1      1     1000      0.9900000000000000E+00  0.2500000000000000E+02 4444
 BASIS_ENL G     59     60      1      1     1000      0.9900000000000000E+00  0.2500000000000000E+02 4444
 OPT_CYCLE G     60      1     60      1        1      1  400  0.9800000000000000E+00  0.3000000000000000E+01
 BASIS_ENL G     60     61      1      1     1000      0.9900000000000000E+00  0.2500000000000000E+02 4444
 BASIS_ENL G     61     62      1      1     1000      0.9900000000000000E+00  0.2500000000000000E+02 4444
 BASIS_ENL G     62     63      1      1     1000      0.9900000000000000E+00  0.2500000000000000E+02 4444
 BASIS_ENL G     63     64      1      1     1000      0.9900000000000000E+00  0.2500000000000000E+02 4444
 BASIS_ENL G     64     65      1      1     1000      0.9900000000000000E+00  0.2500000000000000E+02 4444
 BASIS_ENL G     65     66      1      1     1000      0.9900000000000000E+00  0.2500000000000000E+02 4444
 BASIS_ENL G     66     67      1      1     1000      0.9900000000000000E+00  0.2500000000000000E+02 4444
 BASIS_ENL G     67     68      1      1     1000      0.9900000000000000E+00  0.2500000000000000E+02 4444
 BASIS_ENL G     68     69      1      1     1000      0.9900000000000000E+00  0.2500000000000000E+02 4444
 BASIS_ENL G     69     70      1      1     1000      0.9900000000000000E+00  0.2500000000000000E+02 4444
 OPT_CYCLE G     70      1     70      1        1      1  100  0.9800000000000000E+00  0.3000000000000000E+01
 ==============================
1 -7.4727983807295972E-01 3.2708657120566786E-01 3.8831640000764049E-02 -2.9478542919097933E-02 -8.5964038677560584E-01 3.6940487615781992E-01 1.7355887296153571E-02 -4.5581192130919573E-01 8.0431279383299755E-04 3.8539288394862986E-01 5.2769403969185213E-01 -8.1367923225762129E-01 7.3090955711576644E-03 1.2341017954176182E-02 -2.1168842641971786E-01 1.6479757696915676E-02 7.9516382199671370E-03 -1.1747897714971624E-02 -2.3572216834374399E-03 1.7418655188490083E-02
2 9.8800492010096697E-01 -1.8217358340475315E-01 -2.0685711312541179E-02 -5.0309496754090000E-01 9.0124352814360043E-01 -1.1536007370106623E-02 -5.6504425764598665E-01 5.9784616403520530E-01 -6.1754613968503375E-03 -5.7472403878050726E-01 3.6323023263350956E-01 1.2728599179342190E-01 7.8725023461511424E-03 2.7897598210072205E-02 -1.9069035515862900E-01 -7.8030752544141872E-04 -1.4021148323483390E-02 -7.4685491513570932E-03 1.7728265475765873E-03 -1.9470936621328712E-02
3 -8.0839891464519276E-01 2.9200371015255000E-01 4.7328886051365093E-02 8.9681751025988715E-02 -7.6279626193543881E-01 7.7792139457910234E-02 1.2482774190177942E-01 -2.5332977139967661E-01 2.6555098582138521E-02 -3.7629252059797202E-01 1.2824358709629937E+00 -2.0184620366851252E-01 5.0704135206869790E-03 1.5991178871306463E-02 2.0550007546313967E-01 2.9916673669332624E-03 2.7141474460814275E-03 -6.3125719270162878E-03 -1.9154640369453441E-03 -1.8909549611244282E-02