 PARTICLES 5
 MASSES 1.6424205500000000E+04 1.0000000000000000E+00 1.0000000000000000E+00 1.0000000000000000E+00 1.0000000000000000E+00
 CHARGES 4.0000000000000000E+00 -1.0000000000000000E+00 -1.0000000000000000E+00 -1.0000000000000000E+00 -1.0000000000000000E+00
 SYMMETRY (1-P24)(1-P35)(1+P23)(1+P45)
 BASIS_SIZE 3
 CURRENT_ENERGY -1.0191034411646029E+01
 WHICH_EIGENVALUE 1
 EIGVAL_TOLERANCE 1.0001000000000000E-11
 INVITPARAMETER 1.1000000000000001E+00
 LAST_EIGVAL_TOL 1.0001000000000000E-11
 BEST_EIGVAL_TOL 1.0001000000000000E-11
 WORST_EIGVAL_TOL 1.0001000000000000E-11
 GENERATOR_PARAM 6.9999999999999996E-01 1.1000000000000000E+01 3.2500000000000000E+01
 ==============================
 4 -1.0191034411646029E+01 1 13 2000
 ==============================
 BASIS_ENL G      3      4      1      1      100     0.9900000000000000E+00  0.5000000000000000E+02 1013
 OPT_CYCLE G      4      1      4      1        1    10  400  0.9800000000000000E+00  0.3000000000000000E+01
 BASIS_ENL G      4      5      1      1      800     0.9900000000000000E+00  0.5000000000000000E+02 1013
 OPT_CYCLE G      5      1      5      1        1    10  400  0.9800000000000000E+00  0.3000000000000000E+01
 BASIS_ENL G      5      6      1      1      800     0.9900000000000000E+00  0.5000000000000000E+02 1013
 OPT_CYCLE G      6      1      6      1        1    10  400  0.9800000000000000E+00  0.3000000000000000E+01
 ==============================
 1 9.7898934366601225E+00 1 1 1
 2 -4.3245356144334517E+00 1 4 2000
 3 -1.0191034411646029E+01 1 5 2000
 ==============================
1 -9.1317002786110990E-03 -9.0956504684519401E-01 -1.1028271102897109E+00 6.8618737937671825E-01 3.6767103057360084E-01 -6.1619147212839120E-01 -1.1030213976248298E+00 -8.0039342575470504E-02 -7.1197029481267748E-01 -9.5897348484527145E-01 -4.7607465490224554E-01 2.1095522358418828E-01 6.1188487141785208E-01 -7.6663283338059252E-01 1.2380070435218374E-01 2.5682203738725501E-01 -7.4744335071840071E-02 1.1592469035931126E+00 8.2002187594464537E-01 9.2095238046315364E-01
2 3.7595781523507760E-01 6.5643627315489478E-02 4.8021687330540706E-02 3.3669652234844777E-02 2.7580446028316907E-01 -3.4645845108228990E-02 -2.1532713788916372E-02 -1.3304751413761045E+00 -8.4293425440004996E-02 -2.2931063346094827E+00 8.2220687675913041E-07 -1.4618976774886542E-06 -1.0003266416265675E-08 -2.5289064711716955E-08 1.9596440063407626E-06 -1.2605125625352581E-08 1.0488860183620911E-08 -1.0029480401832428E-07 -2.9755649961278715E-08 -6.8656537551814010E-07
3 -3.1101417383912378E-01 6.6578244545906573E-01 -9.4913831655951020E-01 -1.0958273343276324E+00 1.1628334295457883E+00 8.6870083058271608E-01 5.9528086639728828E-01 1.1000014088223413E-01 -3.9836869283848902E-01 -1.1374567107222797E+00 9.1079905381183568E-01 4.5327037399475850E-01 -5.0936478500780910E-02 6.4109124098134940E-01 1.1586241975274330E+00 8.9591702409299667E-01 -4.1533197481928236E-01 -1.2861169100529984E-01 -7.5363465641842220E-01 -1.0675132929830791E+00
