1 -7.4727983807295972E-01 3.2708657120566786E-01 3.8831640000764049E-02 -2.9478542919097933E-02 -8.5964038677560584E-01 3.6940487615781992E-01 1.7355887296153571E-02 -4.5581192130919573E-01 8.0431279383299755E-04 3.8539288394862986E-01 5.2769403969185213E-01 -8.1367923225762129E-01 7.3090955711576644E-03 1.2341017954176182E-02 -2.1168842641971786E-01 1.6479757696915676E-02 7.9516382199671370E-03 -1.1747897714971624E-02 -2.3572216834374399E-03 1.7418655188490083E-02
2 9.8800492010096697E-01 -1.8217358340475315E-01 -2.0685711312541179E-02 -5.0309496754090000E-01 9.0124352814360043E-01 -1.1536007370106623E-02 -5.6504425764598665E-01 5.9784616403520530E-01 -6.1754613968503375E-03 -5.7472403878050726E-01 3.6323023263350956E-01 1.2728599179342190E-01 7.8725023461511424E-03 2.7897598210072205E-02 -1.9069035515862900E-01 -7.8030752544141872E-04 -1.4021148323483390E-02 -7.4685491513570932E-03 1.7728265475765873E-03 -1.9470936621328712E-02
3 -8.0839891464519276E-01 2.9200371015255000E-01 4.7328886051365093E-02 8.9681751025988715E-02 -7.6279626193543881E-01 7.7792139457910234E-02 1.2482774190177942E-01 -2.5332977139967661E-01 2.6555098582138521E-02 -3.7629252059797202E-01 1.2824358709629937E+00 -2.0184620366851252E-01 5.0704135206869790E-03 1.5991178871306463E-02 2.0550007546313967E-01 2.9916673669332624E-03 2.7141474460814275E-03 -6.3125719270162878E-03 -1.9154640369453441E-03 -1.8909549611244282E-02
4 -1.3322627055612839E+00 -3.4385141249537517E-02 -5.2842491827661993E-03 4.5356770223392295E-02 -1.0671779402790793E+00 4.1151919609237042E-01 -2.7253278623505925E-03 -7.2548853560546200E-01 7.1413485817169381E-04 6.4360526163602161E-01 -7.7364053182863302E-01 -2.5027656447639712E-01 2.8291538206806289E-02 -3.0716209304642913E-02 3.7007880118154965E-02 1.4839123780170688E-03 2.2768904422101836E-03 2.3448959291194234E-03 1.4287545206761231E-03 2.8575817850815626E-02
5 4.6092699500243279E+00 6.3628446209155665E-01 -1.3092586690691327E-02 -1.0316897510870755E+00 9.4363760692086995E-01 5.9875559542191786E-02 -1.4811800294495858E+00 4.5375663796103066E-01 6.3262726196532193E-03 -8.9786895155709578E-01 -8.8629776085771239E-01 -3.2163649550815593E-01 -3.8311495306032946E-03 1.8835693972829855E-02 1.9799706785088030E-02 3.5213744096613082E-03 -5.7644661404904263E-02 -3.0679125601079035E-03 -2.1102022360992008E-03 -1.6133374045335224E-02
6 1.6457526128953939E+00 -5.9446624711220619E-01 -9.6352971872369714E-02 -1.8257567323038065E-01 1.5529139369738922E+00 -1.5837059458667097E-01 -2.5412649457458913E-01 5.1573316793503665E-01 -5.4061332945295443E-02 7.6606287782921001E-01 -2.6108053181076571E+00 4.1092202262081023E-01 -1.0322436298412405E-02 -3.2555120911166760E-02 -4.1836063856184186E-01 -6.0904886150239933E-03 -5.5255087188388419E-03 1.2851244051381343E-02 3.8995351015451854E-03 3.8496390974299063E-02
7 -6.3632687695514756E-01 1.1732932198336450E-01 1.3322680696529270E-02 3.2401948916857315E-01 -5.8044799977418116E-01 7.4297924969860974E-03 3.6391807418587224E-01 -3.8504421862723148E-01 3.9773203396732786E-03 3.7015235983933781E-01 -2.3393927990131136E-01 -8.1978840378415879E-02 -5.0703035276752420E-03 -1.7967513301199591E-02 1.2281456872821858E-01 5.0255888470473965E-04 9.0303533337620645E-03 4.8101365288579856E-03 -1.1417930796208007E-03 1.2540302218713198E-02
8 9.3448301601701833E-01 2.4118614419594984E-02 3.7065070523132444E-03 -3.1814394607172926E-02 7.4854580564024487E-01 -2.8865005220669482E-01 1.9116144209498356E-03 5.0887614883187637E-01 -5.0091239011754521E-04 -4.5144113357482679E-01 5.4265118619503028E-01 1.7555036092656195E-01 -1.9844405942534209E-02 2.1545132046250425E-02 -2.5958270305735040E-02 -1.0408539612539569E-03 -1.5970689854899794E-03 -1.6447697672107128E-03 -1.0021648343498993E-03 -2.0043806930055037E-02
9 -1.1866927789158028E+00 4.2864814385202593E-01 6.9476648587454670E-02 1.3164872492409965E-01 -1.1197501622327735E+00 1.1419531679063485E-01 1.8324143840324503E-01 -3.7187656361009808E-01 3.8981674962604372E-02 -5.5238027768707221E-01 1.8825574353502541E+00 -2.9630103158923959E-01 7.4431360583372000E-03 2.3474322081764788E-02 3.0166474892633077E-01 4.3916314049183723E-03 3.9842448039297991E-03 -9.2665680105034395E-03 -2.8118139444974449E-03 -2.7758357377387851E-02
10 -5.2839472710683844E-01 2.0385162129523093E-01 3.3167514478838686E-03 -4.6032226176086111E-01 -7.6835982734306052E-01 1.1994649176480191E-02 6.5379693335047395E-01 -2.0741596508702957E+00 1.2330257323770481E-03 4.9408345244949287E-01 -2.4606831050003386E-01 4.6908964654667519E-02 1.2086465372367535E-02 -2.9345649454323086E-03 1.7540832641893614E-02 -1.3955371083126081E-03 1.7294527341043631E-02 -1.6179935788114434E-02 -1.6100693655706590E-03 2.2763074376450823E-02
