 PARTICLES  4
 MASSES  0.1278639330000000E+05  0.1000000000000000E+01  0.1000000000000000E+01  0.1000000000000000E+01
 CHARGES  0.3000000000000000E+01 -0.1000000000000000E+01 -0.1000000000000000E+01 -0.1000000000000000E+01
 SYMMETRY (1+P12)(1-P23)
 BASIS_SIZE    4
 CURRENT_ENERGY   -4.8839130948944809E-01
 WHICH_EIGENVALUE      1
 EIGVAL_TOLERANCE  0.1000000000000000E-12
 INVITPARAMETER    0.1100000000000000E+01
 LAST_EIGVAL_TOL   0.2958509900180943E-13
 BEST_EIGVAL_TOL   0.1000000000000000E+31
 WORST_EIGVAL_TOL  0.9999981012761960E-11
 GENERATOR_PARAM  0.7000000000000000E+00  0.1000000000000000E+01  0.3000000000000000E+01
 ==============================
    4 -4.8839130948944809E-01     2      0       0
 ==============================
 OPT_CYCLE G    4      1      4      1        1     10   400  0.9800000000000000E+00  0.3000000000000000E+01
 BASIS_ENL G    4      6      1      1   100    0.9900000000000000E+00  0.5000000000000000E+02 4444
 OPT_CYCLE G    6      1      6      1        1      1   400  0.9800000000000000E+00  0.3000000000000000E+01
 ==============================
1 -4.8839130948944809E-01 1 1 1
2 -4.8839130948944809E-01 1 1 1
3 -4.8839130948944809E-01 1 1 1
4 -4.8839130948944809E-01 1 1 1
 ==============================
1 5.9393246654672972E-02 -4.7758994208530345E-02 8.5015388419664353E-03 -4.6754117288404874E-02 -1.8426845326446572E-02 1.6491663871423062E-02
2 4.2818893073861823E-02 1.3977220444339689E-02 5.1891458279624242E-02 -3.1407330002073411E-04 -6.0504734218579298E-02 5.5283589183128236E-02
3 9.1223291586763101E-03 -3.8135121556496419E-02 -3.5525618503429640E-02 -2.3098637562028547E-02 -5.9100805171956365E-02 -2.1963754644852870E-03
4 -1.3464190024695900E-03 5.8598877212005213E-02 7.8015054284189339E-02 -3.6873682325074167E-02 -2.6563527156500767E-02 8.1215229885287621E-02